a1= -0.1584;
b0=0.5792;
b1=-0.5792;